Bleu_1: 0.431344
Bleu_2: 0.289432
Bleu_3: 0.207121
Bleu_4: 0.146799
METEOR: 0.190456
ROUGE_L: 0.435136
CIDEr: 0.902260

