Bleu_1: 0.431730
Bleu_2: 0.291177
Bleu_3: 0.210117
Bleu_4: 0.150707
METEOR: 0.191476
ROUGE_L: 0.439739
CIDEr: 0.926266
