Bleu_1: 0.296650
Bleu_2: 0.229215
Bleu_3: 0.173344
Bleu_4: 0.109844
METEOR: 0.120697
ROUGE_L: 0.359507
CIDEr: 0.249315

