Bleu_1: 0.277999
Bleu_2: 0.198090
Bleu_3: 0.138930
Bleu_4: 0.100953
METEOR: 0.232494
ROUGE_L: 0.319253
CIDEr: 0.736183

