Bleu_1: 0.294589
Bleu_2: 0.228966
Bleu_3: 0.175358
Bleu_4: 0.114716
METEOR: 0.123352
ROUGE_L: 0.356694
CIDEr: 0.268758
