Bleu_1: 0.327474
Bleu_2: 0.246699
Bleu_3: 0.184346
Bleu_4: 0.125868
METEOR: 0.179856
ROUGE_L: 0.369954
CIDEr: 0.722356

