Bleu_1: 0.434599
Bleu_2: 0.293460
Bleu_3: 0.212863
Bleu_4: 0.154272
METEOR: 0.195245
ROUGE_L: 0.440464
CIDEr: 0.976043

