Bleu_1: 0.444622
Bleu_2: 0.305735
Bleu_3: 0.225370
Bleu_4: 0.166049
METEOR: 0.207499
ROUGE_L: 0.451607
CIDEr: 1.121386

