Bleu_1: 0.335721
Bleu_2: 0.244034
Bleu_3: 0.174911
Bleu_4: 0.129859
METEOR: 0.235486
ROUGE_L: 0.337919
CIDEr: 1.046908

